400200
552573
552626
605183
576083
576084
616370
565916
565917
552440
549622
554988
658139
554229
652469
573475
635118
614919
587603
580986
562341
660411
602901
565209
562754
658911
652476
649983
617302
588129
603550
622114
627640
564574
564567
629847
580315
659998
595743
637261
575054
603744
559562
594627
553056
533835
654845
632109
575662
652984
655215
638032
613856
600523
584436
581900
566223
577068
580298
588497
599543
555808
609255
591318
586083
582983
557339
650195
547954
614057
588428
552368
575451
546977
642218
559771
549438
654501
641831
609153
634810
629312
600545
621388
629095
600580
